"x"
127.5
127.699996948242
128.039993286133
127.709999084473
128.020004272461
129.130004882812
129.199996948242
129.509994506836
128.839996337891
129.339996337891
130.770004272461
131.460006713867
131.949996948242
131.610000610352
131.460006713867
132.559997558594
131.880004882812
131.820007324219
131.369995117188
131.320007324219
132.470001220703
132.679992675781
134.539993286133
134.449996948242
134.789993286133
135.190002441406
135.360000610352
134.360000610352
135.360000610352
135.190002441406
134.559997558594
136.050003051758
136.410003662109
136.470001220703
136.029998779297
136.630004882812
136.929992675781
137.160003662109
137.559997558594
137.020004272461
137.729995727539
137.309997558594
136.75
134.75
135.690002441406
137.039993286133
137.570007324219
137.580001831055
140.059997558594
139.910003662109
140.720001220703
140.300003051758
140.850006103516
140.440002441406
140.210006713867
139.199996948242
139.649993896484
141.610000610352
141.169998168945
140.470001220703
140.229995727539
140.809997558594
141.839996337891
141.259994506836
139.860000610352
139.789993286133
138.220001220703
135.899993896484
137
138.789993286133
137.139999389648
137.050003051758
139.080001831055
138.610000610352
137.720001220703
137.949996948242
136.789993286133
137.309997558594
139.190002441406
140.160003662109
140.389999389648
139.869995117188
140.740005493164
140.320007324219
139.25
137
137.100006103516
136.550003051758
135.740005493164
136.020004272461
135.610000610352
134.110000610352
133.339996337891
132.830001831055
130.860000610352
129.740005493164
131.970001220703
132.199996948242
132.270004272461
132.529998779297
132.100006103516
133.699996948242
131.759994506836
131.470001220703
128.160003662109
128.100006103516
129.070007324219
131.970001220703
132.050003051758
133.100006103516
131.410003662109
132.919998168945
132.070007324219
133.470001220703
134.139999389648
134.399993896484
135.699996948242
135.479995727539
132.440002441406
133.460006713867
131.320007324219
131.979995727539
133.169998168945
132.789993286133
136.100006103516
136.509994506836
137.410003662109
136.789993286133
135.490005493164
135.320007324219
134.139999389648
134.160003662109
133.509994506836
135.75
135.429992675781
136.360000610352
137.369995117188
137.729995727539
136.470001220703
135.089996337891
133.929992675781
133.960006713867
136.169998168945
138.679992675781
138.679992675781
137.710006713867
137.589996337891
136.639999389648
139.350006103516
139.619995117188
140.320007324219
140.490005493164
140.610000610352
140.839996337891
140.770004272461
140.789993286133
140.949996948242
141.990005493164
142.179992675781
142.190002441406
141.759994506836
141.820007324219
140.660003662109
141.509994506836
141.539993286133
141.399993896484
141.509994506836
140.490005493164
141.160003662109
141.029998779297
140.910003662109
143.770004272461
144.330001831055
143.509994506836
143.910003662109
144.389999389648
146.589996337891
147.240005493164
146.740005493164
146.619995117188
146.699996948242
146.710006713867
145.869995117188
145.649993896484
144.100006103516
143.289993286133
144.639999389648
143.970001220703
144.350006103516
144.5
145.089996337891
146.130004882812
146.139999389648
145.639999389648
144.199996948242
143.279998779297
143.360000610352
142.889999389648
144.080001831055
145.539993286133
146.199996948242
145.820007324219
143.389999389648
143.410003662109
141.419998168945
141.020004272461
141.429992675781
141.350006103516
141.350006103516
142.830001831055
141.559997558594
141.850006103516
142.960006713867
139.720001220703
138.039993286133
138.160003662109
138.270004272461
137.789993286133
135.929992675781
135.699996948242
136.369995117188
139.130004882812
139.190002441406
139.449996948242
141.350006103516
141.050003051758
140.330001831055
141.460006713867
142.119995117188
142.149993896484
141.449996948242
141.25
141.5
141.979995727539
142.410003662109
142.470001220703
143.440002441406
143.509994506836
142.630004882812
142.100006103516
143.770004272461
145.369995117188
144.289993286133
145.119995117188
142.789993286133
142.350006103516
141.75
141.559997558594
140.029998779297
142.410003662109
146.059997558594
145.729995727539
146.369995117188
145.970001220703
145.550003051758
145.919998168945
147.080001831055
147.070007324219
146.970001220703
147.070007324219
147.050003051758
148
148.330001831055
149.130004882812
149.369995117188
149.410003662109
150.25
150.070007324219
150.660003662109
150.070007324219
149.699996948242
151.240005493164
149.539993286133
151.050003051758
151.160003662109
150.960006713867
151.800003051758
151.770004272461
152.020004272461
152.149993896484
152.289993286133
152.110000610352
153.25
151.339996337891
150.419998168945
151.889999389648
149
150.020004272461
151.910003662109
151.610000610352
152.110000610352
152.919998168945
154.289993286133
154.5
154.779998779297
155.440002441406
156.029998779297
155.679992675781
155.899993896484
156.729995727539
155.830001831055
154.970001220703
154.610000610352
155.690002441406
154.360000610352
155.600006103516
154.949996948242
156.190002441406
156.190002441406
156.669998168945
156.050003051758
156.820007324219
155.229995727539
155.860000610352
155.160003662109
156.210006713867
156.75
158.669998168945
159.190002441406
158.800003051758
155.119995117188
157.410003662109
155.110000610352
154.139999389648
155.479995727539
156.169998168945
157.779998779297
157.880004882812
158.520004272461
158.240005493164
159.300003051758
159.679992675781
158.279998779297
159.75
161.369995117188
161.779998779297
162.600006103516
163.339996337891
162.880004882812
163.410003662109
163.539993286133
165.229995727539
166.119995117188
165.339996337891
166.940002441406
166.929992675781
167.169998168945
165.929992675781
165.449996948242
165.309997558594
166.300003051758
165.220001220703
165.830001831055
163.449996948242
164.350006103516
163.559997558594
161.270004272461
162.729995727539
164.800003051758
164.800003051758
163.100006103516
161.75
164.210006713867
163.179992675781
164.440002441406
165.740005493164
163.449996948242
159.399993896484
159.070007324219
157.059997558594
158.570007324219
160.139999389648
161.080001831055
160.419998168945
161.360000610352
161.210006713867
161.279998779297
163.020004272461
163.949996948242
165.130004882812
165.190002441406
167.440002441406
167.509994506836
168.149993896484
167.520004272461
167.949996948242
168.869995117188
169.169998168945
169.5
169.139999389648
168.520004272461
168.929992675781
169.110000610352
168.589996337891
168.589996337891
168.710006713867
170.660003662109
170.949996948242
170.699996948242
169.729995727539
169.179992675781
169.800003051758
169.309997558594
169.110000610352
169.610000610352
168.740005493164
166.380004882812
165.830001831055
164.770004272461
165.580001831055
164.559997558594
166.059997558594
166.619995117188
166
163.330001831055
163.910003662109
164.169998168945
163.649993896484
164.389999389648
165.75
165.960006713867
166.039993286133
167.630004882812
168.869995117188
169.399993896484
168.949996948242
169.330001831055
170.309997558594
171.070007324219
173.050003051758
172.759994506836
170.720001220703
169.929992675781
169.529998779297
169.039993286133
169.690002441406
168.910003662109
168.009994506836
169.339996337891
169.179992675781
167.619995117188
168.889999389648
167.429992675781
165.479995727539
165.600006103516
169.169998168945
170.259994506836
170.940002441406
169.699996948242
172.070007324219
173.220001220703
174.389999389648
174.399993896484
175.410003662109
174.570007324219
175.149993896484
175.949996948242
176.229995727539
177.169998168945
176.289993286133
175.789993286133
176.210006713867
176.830001831055
176.270004272461
177.169998168945
174.929992675781
177.289993286133
177.320007324219
176.960006713867
178.380004882812
179.270004272461
180.050003051758
179.419998168945
179.029998779297
178.470001220703
179.910003662109
180.809997558594
180.630004882812
180.679992675781
181.119995117188
181
180.529998779297
179.75
179.729995727539
178.940002441406
180.940002441406
181.399993896484
180.75
178.720001220703
178.130004882812
178.110000610352
179.220001220703
178.649993896484
181.699996948242
181.490005493164
181.559997558594
182.529998779297
182.929992675781
183.860000610352
183.850006103516
183.820007324219
184.690002441406
182.919998168945
182.889999389648
182.360000610352
183.479995727539
183.520004272461
183.639999389648
184.139999389648
181.690002441406
183.669998168945
184.660003662109
184.419998168945
183.639999389648
184.179992675781
184.300003051758
182.789993286133
178.889999389648
178.009994506836
179.070007324219
177.350006103516
179.229995727539
178.179992675781
174.169998168945
175.389999389648
175.169998168945
177.479995727539
179.679992675781
180.009994506836
181.979995727539
182.070007324219
183.009994506836
184.020004272461
184.240005493164
183.020004272461
184.100006103516
183.889999389648
184.910003662109
184.839996337891
184.850006103516
185.820007324219
186.289993286133
184.979995727539
187.580001831055
187.75
188.179992675781
188.259994506836
188.160003662109
187.229995727539
187.279998779297
185.179992675781
184.660003662109
186.330001831055
187.660003662109
186.660003662109
187.75
186.199996948242
185.429992675781
186.309997558594
184.970001220703
184.580001831055
185.490005493164
187.009994506836
188.25
188.880004882812
188.630004882812
186.399993896484
184.339996337891
185.100006103516
187.089996337891
183.160003662109
181.509994506836
182.940002441406
184.199996948242
186.130004882812
186.389999389648
187.039993286133
187.889999389648
187.449996948242
187.830001831055
186.289993286133
186.880004882812
187.75
188.309997558594
188.330001831055
188.059997558594
188.419998168945
186.779998779297
187.880004882812
187.679992675781
187.960006713867
189.789993286133
189.960006713867
189.059997558594
187.399993896484
188.050003051758
188.740005493164
187.550003051758
189.130004882812
189.589996337891
190.350006103516
191.520004272461
191.380004882812
192.369995117188
192.679992675781
192.899993896484
192.800003051758
193.190002441406
194.449996948242
195.380004882812
195.580001831055
195.600006103516
194.919998168945
193.539993286133
194.130004882812
194.289993286133
194.830001831055
196.259994506836
196.479995727539
195.940002441406
195.880004882812
194.699996948242
195.580001831055
195.440002441406
195.820007324219
195.720001220703
197.029998779297
197.229995727539
198.199996948242
197.509994506836
196.240005493164
197.119995117188
196.339996337891
196.610000610352
197.600006103516
197.229995727539
197.960006713867
195.710006713867
197.710006713867
197.339996337891
198.199996948242
198.639999389648
198.649993896484
197.720001220703
197.800003051758
196.949996948242
196.979995727539
193.089996337891
192.5
193.889999389648
192.009994506836
192.070007324219
191.029998779297
193.240005493164
193.800003051758
193.529998779297
194.839996337891
195.759994506836
195.720001220703
197.360000610352
198.389999389648
198.919998168945
199.5
199.190002441406
200.199996948242
200.330001831055
200.25
200.139999389648
200.710006713867
200.610000610352
200.5
200.210006713867
201.110000610352
200.589996337891
199.320007324219
200.070007324219
200.300003051758
199.130004882812
198.979995727539
200.479995727539
200.75
201.820007324219
200.699996948242
199.149993896484
198.009994506836
199.559997558594
196.339996337891
197.899993896484
197.539993286133
197.020004272461
194.350006103516
194.380004882812
196.520004272461
196.289993286133
193.259994506836
196.639999389648
192.740005493164
190.539993286133
187.410003662109
187.699996948242
186.429992675781
186.270004272461
188.470001220703
190.300003051758
194.070007324219
192.690002441406
194.929992675781
196.429992675781
196.160003662109
198.410003662109
198.110000610352
199.380004882812
201.660003662109
201.770004272461
201.070007324219
202.339996337891
203.149993896484
203.339996337891
203.979995727539
204.179992675781
203.960006713867
204.190002441406
204.240005493164
204.369995117188
205.550003051758
205.220001220703
205.580001831055
206.679992675781
207.259994506836
207.110000610352
207.639999389648
207.199996948242
205.759994506836
207.089996337891
207.889999389648
207.660003662109
208
206.610000610352
206.470001220703
203.160003662109
204.190002441406
200.889999389648
199.509994506836
197.910003662109
201.789993286133
206.779998779297
206.520004272461
207.470001220703
207.75
207.770004272461
208.440002441406
208.720001220703
207.600006103516
205.539993286133
205.429992675781
201.720001220703
199.820007324219
202.309997558594
205.899993896484
204.25
202.649993896484
202.080001831055
200.860000610352
199.020004272461
201.630004882812
202.059997558594
203.080001831055
206.100006103516
204.970001220703
205.449996948242
202.740005493164
200.139999389648
201.990005493164
199.449996948242
201.919998168945
204.839996337891
204.059997558594
206.119995117188
205.550003051758
204.630004882812
206.809997558594
206.929992675781
208.919998168945
209.779998779297
210.110000610352
210.130004882812
209.979995727539
211.240005493164
211.210006713867
211.809997558594
211.630004882812
211.380004882812
210.660003662109
211.990005493164
211.119995117188
210.229995727539
210.460006713867
207.5
208.360000610352
204.979995727539
204.5
207.100006103516
205.830001831055
208.580001831055
207.960006713867
210.460006713867
209.5
210.410003662109
210
208.820007324219
205.759994506836
205.270004272461
205.740005493164
208.25
206.429992675781
205.699996948242
206.440002441406
207.830001831055
207.279998779297
207.979995727539
208.899993896484
210.039993286133
209.089996337891
209.490005493164
210.429992675781
210.369995117188
207.949996948242
209.850006103516
209.600006103516
210.630004882812
211.160003662109
211.649993896484
210.770004272461
211.440002441406
210.570007324219
208.460006713867
210.720001220703
211.320007324219
208.899993896484
208.039993286133
208.869995117188
211.619995117188
210.610000610352
209.979995727539
210.020004272461
212.210006713867
212.440002441406
213.100006103516
213.029998779297
212.880004882812
213.5
212.990005493164
210.699996948242
212.699996948242
212.460006713867
211.139999389648
211.570007324219
211.360000610352
211.919998168945
210.130004882812
209.770004272461
208.479995727539
208.449996948242
210.949996948242
211.630004882812
210.009994506836
209.110000610352
210.25
210.589996337891
212.779998779297
210.809997558594
211.889999389648
212.039993286133
210.5
209.860000610352
209.820007324219
205.419998168945
205.850006103516
207.5
207.309997558594
206.720001220703
208.020004272461
204.529998779297
204.899993896484
207.479995727539
209.770004272461
210.679992675781
210.610000610352
212.300003051758
212.479995727539
212.589996337891
211.75
211.369995117188
210.179992675781
208
206.789993286133
209.330001831055
210.770004272461
210.820007324219
210.5
209.789993286133
209.380004882812
210.070007324219
208.350006103516
207.949996948242
210.570007324219
208.669998168945
208.919998168945
208.660003662109
209.419998168945
210.589996337891
209.979995727539
208.320007324219
203.970001220703
197.830001831055
189.5
187.270004272461
194.460006713867
199.270004272461
199.279998779297
197.669998168945
191.770004272461
195.410003662109
195.550003051758
192.589996337891
197.429992675781
194.789993286133
195.850006103516
196.740005493164
196.009994506836
198.460006713867
200.179992675781
199.729995727539
195.449996948242
196.460006713867
193.910003662109
193.600006103516
192.899993896484
192.850006103516
188.009994506836
188.119995117188
191.630004882812
192.130004882812
195
198.470001220703
197.789993286133
199.410003662109
201.210006713867
201.330001831055
201.520004272461
200.25
199.289993286133
202.350006103516
203.270004272461
203.369995117188
203.110000610352
201.850006103516
205.259994506836
207.509994506836
207
206.600006103516
208.949996948242
208.830001831055
207.929992675781
210.389999389648
211
210.360000610352
210.149993896484
210.039993286133
208.080001831055
208.559997558594
207.740005493164
204.839996337891
202.539993286133
205.619995117188
205.470001220703
208.729995727539
208.550003051758
209.309997558594
209.070007324219
209.350006103516
209.320007324219
209.559997558594
208.690002441406
210.679992675781
208.529998779297
205.610000610352
